[[-248 -200 9 -53 -137 -16 161 178 -50 -89 65 367 -273 -390 -148 6 -4 -249 108 402 383 -328 -44 -275 -3 -366 148 128 -20 -110 -336 -269 -14 -222 80 269 208 579 211 -109 183 -208 274 425 -497 248 403 251 106 135 108 -159 -142 266 451 359 125 131 -65 -45 18 -53 -317 113 52 37 -543 -219 24 -464 470 267 164 -9 -121 -503 346 124 127 -423 -55 -194 196 15 704 653 322 152 -109 5 -58 83 475 -168 76 -751 -109 -230 -343 -106]
[153 20 44 -140 -117 2 -1 22 -5 -205 -187 -227 135 330 -139 -260 257 68 -186 61 -414 7 46 -451 623 133 -17 157 -192 -573 263 41 -150 117 347 44 -172 624 84 -141 -26 -115 262 309 316 -56 -89 183 377 -29 -165 -317 -268 68 -726 -243 -361 -171 178 -559 221 -185 -528 -356 -312 -33 -279 69 394 329 19 -80 -165 -169 516 69 370 -51 -180 495 122 -452 -65 415 -499 11 -350 303 93 119 162 279 254 -266 347 4 -605 -78 -77 -319]
[-132 103 -151 641 -155 -135 -419 -240 126 369 -113 -479 -181 -171 206 439 10 827 -168 -477 -201 584 -83 -114 46 425 -112 103 154 285 308 -199 -67 429 317 138 104 -566 -421 575 181 75 300 440 41 -569 -712 -405 -139 111 -281 133 525 -232 37 -562 -350 -346 -197 -370 -306 335 112 153 70 310 -42 4 -17 91 -131 186 -284 -200 329 217 41 -197 -19 526 126 -160 481 -245 -468 -231 147 -57 596 -44 -10 108 66 12 -335 51 158 -32 161 126]
[-274 -135 -166 440 80 392 63 166 -252 431 -776 58 -42 -381 416 54 -5 367 -187 -96 312 -183 218 -193 294 118 -177 -325 -82 213 190 -120 524 298 436 -162 -120 182 -173 -73 -3 -239 430 -86 -39 -31 116 -160 69 48 -975 -15 447 60 -182 -25 88 45 -28 -223 -205 45 94 65 271 -55 126 54 293 -508 365 -175 -494 -221 404 132 88 -457 235 -10 59 -544 174 454 -98 157 -13 5 479 -314 762 -47 -354 365 236 -44 -244 -200 458 -53]
[175 507 19 -365 -31 84 -414 -144 368 -87 145 -53 209 274 208 136 74 149 -278 100 203 -499 102 184 315 226 147 196 182 242 -245 204 -433 -252 -505 166 -252 -130 85 -142 -365 417 190 -716 191 99 -381 2 -330 26 -203 193 -555 -133 -49 -393 -21 -278 159 114 188 -142 168 -121 -336 -37 -473 -573 270 142 -11 -483 221 406 76 -255 -310 473 -213 -66 444 467 -167 29 -244 -18 -346 170 -226 63 -273 -162 200 579 -226 718 189 414 -526 284]
[-36 -477 104 447 293 -201 200 -583 164 -545 54 -87 130 -182 -26 256 500 -345 -23 -26 443 94 135 70 -316 185 253 -244 -659 49 -70 -19 189 138 -96 -3 6 21 -113 80 -57 -185 -227 181 101 -64 805 153 13 -164 29 -447 -246 -184 208 337 -102 284 -111 -61 -587 -302 206 -414 60 84 377 666 -58 52 -19 342 28 -514 136 129 154 -246 539 -70 -257 -200 287 34 -383 67 -173 428 -241 247 267 -400 -68 14 262 -861 -292 120 419 -598]
[664 332 327 -27 199 -57 -377 60 304 -134 284 -527 -14 407 459 293 -154 21 -304 -171 -294 -163 -76 328 250 -212 368 228 -492 202 -38 -265 287 122 118 108 135 97 228 -122 -250 217 472 60 214 -427 -388 130 54 -43 266 203 -392 -69 -251 -126 -115 -15 -134 -185 63 681 193 89 -158 -595 -599 186 -162 285 -442 -107 -28 124 402 -528 57 32 -542 486 429 -28 44 -738 -98 6 141 156 371 -301 -813 37 282 1 -203 579 -365 281 -184 -191]
[-430 -245 148 26 -283 -128 -294 53 271 168 475 178 -59 -133 -297 257 132 669 -154 -118 -500 449 -66 -100 -142 592 257 -134 396 -282 205 379 -198 38 54 -167 265 -466 -79 131 145 154 -428 -291 56 -391 -164 283 318 154 -68 -217 94 -572 32 -839 -21 150 575 -165 -34 144 -411 240 34 73 -247 -136 -274 21 -382 47 172 -33 -382 409 -8 362 -155 131 405 274 160 -51 391 496 -710 -48 246 -113 138 -115 405 -88 -521 -4 450 17 -149 400]
[172 -383 312 -182 186 371 -295 -110 76 517 253 -525 258 495 68 187 82 197 -331 -301 569 -36 -17 395 258 721 -128 -656 219 258 -135 -68 47 -127 -575 77 -344 -303 -20 -2 -428 286 -396 -625 344 103 386 -383 88 106 -909 -121 -550 -226 -46 -202 -226 379 306 53 453 -605 313 4 -622 310 497 194 264 -164 38 -244 180 121 182 -203 -134 407 481 39 84 123 -159 577 -43 85 -637 -125 -356 3 814 -96 -241 454 14 837 498 -219 252 -39]
[16 115 144 18 692 18 63 50 -116 -250 4 418 -155 -301 365 366 -561 -276 541 574 -278 -89 471 -262 -448 -181 293 -432 -614 301 -225 289 351 -328 -77 118 206 47 159 -263 366 -40 -174 -685 54 -344 482 -161 3 -86 280 -247 477 53 341 41 377 139 -9 527 -552 103 424 -414 84 -310 315 257 -196 -508 86 73 140 -60 -482 16 -197 -315 -71 -545 -279 -109 -479 -167 -67 -586 -30 90 -676 -334 485 279 -387 -18 176 -451 -148 494 684 31]
[186 294 -383 110 -215 11 45 -29 221 121 172 343 -158 -537 -12 136 -319 -17 -194 -22 -91 -7 -246 -166 455 -117 94 945 153 -264 -161 -381 5 -26 -178 -84 60 274 -288 -113 118 267 176 676 -441 234 -351 171 -544 212 413 -257 -649 8 391 15 -277 -293 -257 8 -200 28 -30 323 88 210 -351 -109 145 -79 -50 152 20 10 -467 -487 82 453 -191 360 442 915 142 58 272 174 694 334 359 270 -1073 -226 80 555 -331 -188 -105 577 -1074 406]
[-166 778 -197 -166 178 -364 217 -72 -42 135 510 146 59 109 269 100 95 -308 299 442 560 -378 94 167 -350 290 296 142 -308 98 1 225 86 -187 -83 20 -195 261 -404 1 137 359 -15 -520 -228 -152 242 82 -330 -79 528 401 104 206 -108 62 328 100 68 275 191 -350 147 286 -134 -550 -315 -20 120 486 427 -484 5 270 -208 128 -121 -529 -78 -911 616 353 -185 -136 82 288 208 350 -279 218 -567 -201 287 -121 493 -143 -288 16 -326 -257]
[-223 111 173 -270 227 80 -262 -519 266 -557 1205 176 -147 630 -326 -5 652 189 232 264 284 407 -95 -19 -344 701 187 -27 412 -655 -29 311 -99 -537 -556 356 200 -206 196 434 436 -250 -1143 -819 -137 -166 667 -117 -183 115 340 -363 -355 -251 950 -92 -25 426 150 423 -168 -525 -181 -231 -569 132 -18 -92 -46 -68 -5 -264 442 385 -579 151 104 29 551 -639 336 427 -236 -348 401 881 -126 43 -760 47 229 -1 144 -17 434 -68 120 -157 -427 -250]
[104 793 -303 -181 77 -169 207 800 -330 529 186 331 -3 -119 -376 263 -541 290 -53 -188 -3 -77 121 59 -224 428 -138 -11 -212 84 226 127 1 -145 -163 -366 -262 -201 -611 -6 -199 364 -139 -152 -411 -37 -209 324 115 185 507 284 -365 72 -296 -479 -73 -242 429 -91 -85 46 400 595 739 -138 -343 142 -359 42 -133 -7 480 70 -486 256 -195 730 -597 -275 98 840 -161 -259 1197 -212 -491 143 60 148 -775 95 240 230 -451 215 376 197 -751 910]
[90 -118 -161 -124 -326 35 -516 -246 557 -522 231 -384 -117 383 -126 126 413 351 -206 303 -412 394 373 -350 187 -182 -122 304 207 -484 33 814 -523 71 -206 565 599 -389 -182 504 276 92 113 -327 428 -452 232 -482 -232 103 60 -458 76 -459 433 -756 -109 -448 307 -39 -144 79 -103 -551 237 530 240 42 -69 217 -208 51 -557 378 -105 429 -7 -465 129 618 -256 116 -72 -575 -623 -233 11 -180 -337 -579 -33 14 -166 155 -95 38 340 282 138 490]
[-125 -35 394 320 173 6 266 335 -718 -259 -33 -62 -400 499 517 -241 435 20 -248 -540 297 -1 45 196 -340 446 -362 -577 -151 116 6 91 414 -62 300 -435 -22 -264 128 191 -166 37 -98 -377 -286 -288 -19 -236 507 -251 -393 738 -321 55 -63 799 -614 -6 -53 9 40 478 307 397 341 -152 73 -360 -197 55 4 -640 368 114 404 -90 74 -89 177 -308 -306 -274 312 -562 919 1044 -280 -53 285 -431 607 -39 -197 221 11 167 -314 -577 252 -111]
[-103 -506 346 508 477 -226 145 238 -27 -869 -217 -424 -387 227 40 -264 -90 -478 5 147 -599 558 73 -323 -61 296 349 -170 -11 -522 18 202 400 -561 -78 -150 292 -277 355 -270 212 -228 -801 8 440 -217 1134 -124 668 113 -289 -328 -133 65 322 -318 -493 403 403 -53 331 329 129 -785 -386 188 506 184 -261 -144 -455 -37 -39 156 106 400 105 162 568 20 -480 29 -104 59 -2 -201 -713 -35 -395 -162 962 250 -63 285 -10 -257 60 120 261 -548]
[238 -497 -60 333 403 -78 105 103 423 46 -831 -769 -180 -689 324 -114 -607 -237 -90 -326 -395 -148 162 -304 -228 -199 505 71 -500 56 181 -85 137 -126 38 308 366 26 143 -336 223 171 691 255 236 284 437 -268 -67 290 -450 177 37 165 -294 166 206 -12 297 -44 283 243 442 -347 -97 44 460 359 22 6 167 -260 -419 -350 170 125 84 195 20 255 -883 -240 549 43 -432 -598 -94 -279 -247 -281 -53 -449 -744 313 208 -103 284 208 539 -219]
[-59 532 -163 -556 -72 -149 -166 55 -372 -197 839 -205 369 -165 -334 86 -291 941 135 463 -38 -49 538 164 -325 404 31 -407 87 498 -113 201 -249 -146 214 370 268 -261 -195 -35 -671 101 -567 -807 -72 58 -263 269 356 255 305 109 128 -104 -542 -664 496 308 203 -246 164 36 -8 152 -15 -396 -517 482 55 -120 -3 -123 342 151 -179 284 253 -54 -276 -144 196 -303 -149 96 2 152 -401 -29 -443 -167 308 265 844 -199 88 967 234 309 -215 29]
[-17 468 -660 10 246 -35 -43 -213 -421 -385 919 184 167 319 -431 286 677 545 728 306 -204 234 580 -486 -39 715 340 192 -650 -947 275 583 -164 -148 -432 163 297 -238 -501 18 -40 18 -1183 -328 513 -241 101 163 -106 -32 553 -300 -664 -440 -272 -686 -705 230 318 -513 -302 -480 421 -540 -278 -159 245 647 182 52 -473 -341 217 225 -157 457 -123 349 -270 11 190 200 -228 142 -175 -101 -467 334 -1117 86 359 -216 -133 2 -60 295 -292 264 -222 252]
[-410 -38 260 558 62 902 -375 -25 -153 519 -931 212 795 163 292 1 -963 743 -56 -482 295 236 -430 -21 374 293 -391 129 785 471 -393 -135 436 84 -386 51 -355 -345 319 -239 -45 -373 223 -332 34 46 -715 -502 -490 -70 -787 -386 1087 177 827 -226 192 -466 -577 808 -329 -49 336 135 -639 681 424 -410 380 -712 72 263 -242 289 26 -148 -71 130 315 -237 148 876 -535 189 -685 -499 118 -318 349 254 298 505 -468 592 -153 579 -74 437 191 -72]
[373 416 306 -501 117 -77 -99 284 206 -214 -758 315 -127 -802 403 -12 343 165 -107 -348 -162 -305 -545 -92 235 183 -171 -598 -614 295 320 -440 134 -50 -131 -374 -311 629 7 -157 39 -392 587 312 -619 -379 -521 2 -441 -488 -402 541 -804 223 -441 983 147 74 -461 -369 -398 -259 143 -88 115 -184 114 -314 146 -106 147 72 492 -592 120 -218 -298 243 -266 382 30 -414 141 115 61 -159 -210 453 470 -117 28 -33 -404 316 77 -143 -79 -182 293 563]
[351 171 -268 -375 -332 158 63 -137 -403 -129 191 295 -279 -466 124 -176 -384 -2 377 833 283 -424 -386 644 59 -846 -212 257 121 232 -639 -532 -147 312 -472 239 471 -28 -422 55 108 533 -55 672 -468 190 -755 120 -224 132 221 101 -519 59 459 195 -529 -417 -350 48 -94 -452 -83 431 -56 -125 365 -482 -19 -284 191 34 132 30 -334 -858 41 108 -462 172 -341 -328 -25 541 642 -42 884 -205 -550 -359 -697 -295 33 -60 -492 226 -239 92 -820 598]
[574 640 -594 -113 475 572 175 367 -292 704 85 325 611 -272 673 -501 -397 540 -230 210 -334 -327 -44 604 -138 -80 350 -215 280 330 -242 129 590 83 105 -474 -161 331 -515 -365 -279 899 341 -59 -103 -64 -92 130 -488 195 -264 -254 176 88 -631 -376 390 228 98 -202 429 -418 -110 391 -76 -891 281 165 432 -33 161 -770 -285 -137 -338 -309 -163 -319 -25 -199 281 201 -86 335 -138 4 33 -470 -32 -124 156 -545 -88 649 147 1008 -13 558 -130 314]
[360 -184 122 983 500 364 -244 -256 52 715 37 -255 -314 -83 355 370 -398 405 242 -248 -176 490 -290 -21 -799 132 547 -612 -45 -390 632 -210 931 125 553 33 372 -435 -126 318 1101 548 -276 425 -188 -899 273 -786 -228 -119 -495 -245 642 -344 450 -16 -491 355 166 123 -265 187 71 640 -285 -215 701 371 -61 110 -357 -749 -426 -391 -60 7 254 -89 204 -515 -1 3 241 -471 456 -196 285 -734 -224 -128 148 -481 -275 59 -2 32 103 36 165 411]
[-546 -130 -458 369 137 -244 173 575 -722 -189 -644 -529 132 -218 -485 798 -434 50 354 -444 724 305 357 -308 538 492 -457 251 -729 613 -193 -26 -91 129 160 305 -221 149 -590 -280 -926 -505 47 574 127 242 28 558 -98 287 -229 559 -519 473 -239 -234 -187 162 -911 -207 -197 -45 324 -149 -171 182 45 559 77 -549 -100 594 106 -246 314 28 56 -110 -348 97 53 -471 173 349 -192 -293 -117 650 243 454 155 -57 30 301 -218 66 -259 401 216 -573]
[-514 -291 -457 307 151 -685 430 578 93 -452 658 767 190 -31 -214 276 230 -422 -61 -140 -75 459 242 -855 -214 619 -176 253 -57 157 -395 763 -1 -264 127 -663 -396 358 -452 -26 -356 47 128 579 -94 73 617 496 -89 -8 963 38 -323 -164 137 -86 -819 145 -315 -160 11 -195 -267 328 69 -241 13 471 140 861 -2 -158 -23 -222 -582 404 -306 -264 310 -254 219 643 412 101 159 535 -112 651 89 150 30 -149 183 230 246 -602 207 596 -44 -166]
[-214 844 -749 -465 -46 -162 656 -350 -607 350 -577 96 461 -86 -139 -595 403 -14 794 79 124 -449 -303 163 207 181 -252 740 158 -954 723 -349 -383 346 -663 -617 -489 184 -559 485 362 -232 -653 -186 -84 350 -655 576 312 -440 378 -172 106 555 -806 -204 -43 -487 462 -257 331 -506 -194 -178 -51 -158 -59 -30 -145 -81 75 -268 -1 478 -106 501 -71 796 -377 -139 76 258 -381 487 265 -393 -204 291 -188 751 -751 -76 -626 -199 304 -92 -848 -595 -858 -514]
[-392 -92 -107 -654 -81 182 -546 358 -371 252 1259 571 214 -469 -22 23 268 1396 373 355 45 241 61 -62 -28 -25 548 573 522 -24 -378 166 -76 -121 -522 153 5 344 445 -172 -621 -568 28 78 -490 449 -358 411 288 -36 664 -126 239 -247 662 -277 117 576 -217 -454 195 282 -2 447 -203 -488 -526 287 302 -600 301 75 815 664 -639 -517 -15 595 -24 -170 320 1003 -287 -228 329 716 336 -351 -44 -114 221 307 389 -75 -104 330 491 -35 -33 409]
[-298 -320 48 205 -669 261 -348 -453 405 293 1407 276 299 324 31 113 -4 581 -63 34 335 -143 221 -240 -154 504 314 244 642 75 -974 -8 578 129 -564 402 211 -515 -363 -204 90 155 -125 -839 112 39 -281 -86 49 477 502 -429 -588 -972 218 -312 -151 -64 680 281 73 -118 170 819 -521 -262 -258 185 409 451 165 289 -120 -18 -230 -496 164 81 32 485 528 658 234 324 -133 1451 156 445 -123 -316 -818 -227 172 -557 123 741 -490 -365 -358 -395]
[448 1265 -422 -335 349 713 24 -60 -591 335 30 366 223 918 -328 -191 -12 211 -28 539 -64 -91 -69 275 -151 -230 66 186 762 -744 65 162 -76 -309 -489 1113 -86 449 136 -24 400 152 -200 -502 259 -23 139 -68 -112 737 -277 -618 -183 353 -242 -1049 62 -177 1072 152 161 -281 -274 -115 -644 -311 -578 -755 25 -534 452 60 115 586 158 -380 -33 295 67 -316 -87 -588 73 -227 912 540 -485 -204 -755 117 -239 495 281 -222 344 286 -266 -409 -571 -259]
[-163 137 -513 643 623 -131 141 -322 890 -249 220 409 -585 -259 10 579 247 -158 268 123 -238 -16 798 -362 429 48 127 515 239 145 -405 -569 66 -271 259 -9 38 -11 233 171 449 -322 -640 169 -300 3 207 -126 -547 457 349 -228 70 467 935 -1045 365 79 -481 -23 -591 341 103 -916 421 -76 -891 -349 -38 -966 48 173 168 66 -233 -595 -62 448 -216 -333 394 -365 237 -682 283 -310 634 -227 -488 1 300 -216 -104 418 -643 -553 33 14 -396 -262]
[-358 43 211 -228 -572 -476 210 -95 -142 -748 347 730 493 -264 -9 757 72 -114 307 644 -126 -390 78 -264 -163 -450 -276 -83 96 15 -1102 656 81 145 -388 87 237 443 388 -107 -205 501 350 -216 -512 -404 -260 34 -350 -772 598 279 -442 -224 19 -154 382 -215 231 401 672 727 -176 555 172 -207 -567 -179 -340 318 230 249 378 230 -693 -529 -130 158 -132 382 476 443 -90 -474 300 595 226 568 -84 90 -363 -407 527 194 131 -220 -328 807 -97 188]
[84 -595 -9 231 179 100 42 -360 -180 125 417 548 582 580 -510 -444 601 -61 -58 -64 50 115 50 -69 -74 -69 103 361 689 -615 421 381 54 -177 365 213 -327 195 414 -269 -190 -132 -315 81 -20 194 -224 302 661 -1027 431 -523 419 -155 -557 105 -599 501 238 -216 -155 331 -768 143 -243 -297 66 178 753 680 -314 -221 357 86 117 209 134 338 -85 -301 169 472 -158 -259 -220 378 -866 -262 -174 348 47 -87 257 -539 -274 -362 -541 -304 222 -837]
[-274 24 98 868 -713 -91 152 -646 497 207 102 24 336 -19 -75 -553 -147 454 -116 162 782 148 -562 38 -505 480 -379 -303 273 514 68 -371 413 596 224 -883 55 -1356 -203 621 422 67 -543 -453 172 413 169 -793 -220 -82 -53 42 84 -107 554 126 -260 -462 62 380 -710 -376 693 808 123 495 438 295 116 406 -49 -297 -426 -504 157 539 372 -117 569 289 -324 87 418 441 -197 -113 304 -314 -14 303 66 -425 -253 13 351 909 169 -19 -362 -52]
[481 -380 535 -273 840 215 160 162 533 649 -610 -387 -415 344 24 -52 -917 -1198 39 -729 -484 165 67 -137 -78 104 -703 -951 -42 552 211 -177 -128 -569 277 -53 -479 125 402 -134 106 252 -422 462 446 385 424 -127 286 276 -121 98 270 415 -174 188 -123 -82 -263 246 785 -259 -657 -391 -123 328 777 -263 -413 196 88 -155 -257 -615 1 -16 -535 359 414 -528 -544 -213 -195 444 214 -1462 581 -202 -385 -117 302 284 -866 105 323 43 733 169 375 -258]
[-44 -364 -105 -451 -82 134 -641 323 202 360 758 -191 -287 927 -406 728 542 431 -205 -353 -409 437 127 -468 243 -309 -174 -297 322 -512 508 38 -383 211 403 111 -116 379 -250 1333 153 -314 -282 428 393 -336 -448 29 21 -140 343 -377 436 -649 -4 -582 -654 -207 -179 -707 840 -587 -830 -147 -24 -133 -694 75 -460 249 18 -143 -8 525 -30 89 70 357 155 345 504 -123 -273 -159 516 242 -40 -530 255 -256 171 457 351 -646 -28 -137 -51 -365 -266 442]
[-110 -493 36 151 -309 -692 3 -420 480 287 177 654 -91 -670 -712 -214 158 -850 -336 529 178 96 -60 -309 -507 -272 -211 -547 94 516 450 485 -506 -290 944 -84 196 -18 234 -258 -400 -292 -764 -645 571 914 565 464 24 -75 58 -407 252 -214 -784 579 454 697 249 -29 -238 -610 -1022 -229 265 327 -623 408 118 -268 -168 37 -121 -576 133 779 -85 -346 271 -749 224 -340 381 235 92 397 -166 101 -133 427 500 -182 719 -652 -164 -619 602 905 154 -646]
[-121 -378 -300 -154 -519 -380 -26 -691 214 818 1133 3 797 256 -665 -229 512 -328 -213 -719 676 -395 422 -33 -834 281 651 -318 417 218 -332 -626 -439 -260 191 412 28 -313 -302 271 -400 404 -453 -530 -429 746 274 -47 -132 41 747 -188 -401 -40 -113 743 407 198 91 79 333 -349 232 -35 -765 91 -679 77 118 509 115 99 627 -214 68 -199 25 797 89 -476 -128 36 644 42 -429 885 -777 42 -616 549 -179 -715 131 -723 -538 -368 398 -757 46 -708]
[95 -43 -434 19 -795 268 -99 -346 -390 -116 -1012 262 22 -125 -448 -671 -58 306 -272 -243 -390 406 -264 230 778 -608 -750 140 561 -490 444 -290 132 485 218 -84 -42 -29 -238 243 79 -175 -255 80 -497 317 -631 -509 -588 195 -810 -587 389 -181 -548 243 201 -848 -458 51 -218 -224 -441 -109 190 828 65 -151 406 -168 -352 262 -238 -731 153 828 467 -865 -149 891 -260 119 -638 748 -717 -511 358 -668 688 -267 -338 40 -726 -124 -409 94 -632 156 -14 642]
[7 481 -453 733 -455 555 -364 280 -293 675 -672 -73 513 423 -315 22 -60 -110 -479 -138 -64 333 -16 -354 -234 -386 488 678 381 -439 352 -61 442 76 349 100 193 138 -371 106 51 -88 770 873 354 52 106 -253 -1310 220 174 -257 499 -66 -25 -267 -128 -417 172 -138 522 -235 724 -178 -203 610 16 -27 359 332 449 189 -1184 410 545 252 -356 36 1098 127 186 334 362 -378 -916 -284 84 361 388 378 -266 -70 42 -48 42 -607 394 130 62 -41]
[145 1027 -229 -217 -214 87 -366 233 -329 -754 -685 -274 705 225 32 -121 425 476 300 -16 -151 42 484 -737 97 57 -975 -150 202 -87 196 984 381 -115 330 623 34 599 123 -288 -547 -469 317 2 402 -487 -261 -245 -196 -196 -241 554 699 389 -504 -623 231 -49 -65 -288 340 498 -194 -757 158 -546 -207 532 -14 -79 -118 -294 -518 1159 763 -76 102 -269 -120 50 244 248 -420 -1195 -322 -647 403 48 -443 355 214 440 390 522 510 784 15 829 169 443]
[536 -58 61 -100 158 -931 -390 276 254 -482 744 -1149 -1086 -35 -195 230 151 190 64 9 -741 175 -42 36 522 242 534 292 -123 200 624 -819 83 -673 52 168 342 -328 -332 599 319 -368 49 45 -241 -181 -255 110 512 -82 403 222 -496 -276 -562 356 -475 596 -128 -829 352 -89 345 49 -244 579 -889 780 453 70 -67 228 414 220 268 226 612 -385 135 259 459 -96 -98 -256 -83 417 225 242 1002 -565 -356 884 815 -831 7 122 -468 -691 -235 -509]
[-536 -143 -377 -505 -528 -498 46 212 146 478 555 -422 -365 345 -194 -791 -541 -158 -32 -365 -52 -263 20 431 -65 460 -54 206 -83 259 385 443 -486 -354 90 -27 159 -383 -486 202 -148 864 -371 -756 377 308 -391 74 20 459 507 1413 -346 474 -788 334 -57 -198 396 298 229 -871 144 433 -663 -575 21 -586 -212 592 -81 -283 567 150 -376 327 -73 -153 -1057 -311 -169 118 -182 492 436 8 -739 -38 -236 -54 -436 -475 -324 -631 -605 527 420 -695 -10 310]
[-143 -291 416 -497 166 768 375 131 -104 281 -662 476 533 56 -305 -7 -198 -110 -113 -865 -240 141 423 172 -529 289 -841 145 506 -311 201 941 -567 -105 419 -616 -395 396 863 -558 -570 -386 396 -601 171 1008 -643 803 302 0 -233 157 595 50 -479 168 452 -141 -133 793 -223 568 -724 572 653 -72 286 69 -361 -51 -146 -350 38 -86 -375 199 -162 1036 -25 301 -346 94 386 -75 310 350 -319 -539 198 1033 29 -493 -552 352 902 682 403 525 310 -144]
[113 -68 756 -301 -776 -55 -495 12 -14 -33 392 -356 26 -104 33 676 -76 201 -296 52 -205 503 329 -46 752 139 264 464 -143 -672 -966 -342 -145 276 96 415 79 1246 296 -496 -593 -451 -74 215 -390 -384 669 -311 213 418 375 -819 -461 383 214 -663 513 180 309 -327 -203 255 213 -3 -469 -104 -215 301 -146 -551 -86 1656 146 -21 103 -618 172 -202 120 686 427 -254 -136 -194 -505 156 -348 319 344 523 330 606 384 -567 -201 -540 385 -343 640 -224]
[434 72 546 -172 -322 -288 282 289 -572 -137 -893 86 -167 523 163 -605 763 -572 -497 775 -239 127 -652 695 674 -168 -107 -335 386 -458 505 -188 -237 169 -505 -885 -493 11 412 -77 -46 -208 -651 -460 227 -306 -338 -396 -199 126 -1267 118 -804 120 -502 400 -455 -127 8 125 430 -83 91 -412 -592 711 393 -646 412 -584 113 -322 39 457 988 640 -282 -50 211 105 57 -540 -335 392 156 -26 -600 -24 -35 -250 765 331 -178 162 -334 271 -62 -860 -135 183]
[-25 -883 -91 -49 -794 131 -129 -491 35 39 707 171 436 -21 -486 216 366 302 -827 -297 -226 230 420 -418 577 238 -129 695 1065 -401 -53 302 -328 489 384 305 375 299 -194 494 -167 329 -408 282 91 13 282 -168 -169 -67 626 -983 196 -229 479 -727 -697 -79 -250 -271 -78 308 -396 281 -143 445 36 228 410 -502 169 134 -400 809 -363 -167 320 583 564 292 480 407 324 -341 -56 805 301 31 204 -24 314 -231 126 220 -84 -702 420 -164 -119 201]
[-522 -409 -185 133 -238 -52 -139 -512 -128 -289 727 110 297 -133 23 -55 -93 562 721 230 2 320 647 114 -983 -137 571 84 -367 156 -149 270 -90 453 27 270 185 -855 -87 -24 -207 -355 -654 -551 256 -320 -589 741 812 353 654 193 402 -289 212 -133 291 42 -277 -5 -425 1120 -334 228 -738 -1122 363 236 -845 391 -458 671 -3 -198 17 501 -189 -416 -573 271 -140 -318 248 -191 -683 -6 438 555 -117 -797 -216 21 -546 -519 -453 197 -138 -322 539 -468]
[-38 -650 367 644 -234 -346 -107 406 198 -1417 107 -323 -556 342 -424 217 78 -441 -43 109 -462 25 588 -121 -255 -38 193 122 143 314 -661 351 78 -154 647 17 116 -3 48 -176 178 210 161 642 199 -436 285 0 450 286 358 236 -363 -103 544 -891 -897 64 -8 -89 96 -777 131 -356 -311 -253 -136 -764 31 451 -341 -163 195 324 286 -847 151 678 88 -507 -497 -761 -34 240 -133 -173 -119 -372 -620 531 497 -275 1215 -275 -174 -74 -313 219 93 166]
[-296 -779 425 6 -465 -554 948 -411 11 97 155 268 -841 -125 180 -452 -305 -648 -90 952 -388 -43 443 59 671 188 -223 -616 424 -439 -648 156 180 -13 49 -677 262 44 -266 -483 425 224 -970 -751 -811 168 889 -153 272 626 -58 -665 -676 -49 8 179 137 -295 449 684 27 12 -512 349 208 467 190 -59 28 -239 156 360 -467 -1043 -549 -25 186 -705 -473 259 -162 -284 -567 1020 32 628 269 274 -502 -172 456 -428 249 -756 202 -541 -428 -349 21 64]
[-64 -188 -391 49 248 -366 365 -23 -210 711 246 -270 512 -399 -209 -20 216 101 -162 -267 451 -77 -56 248 -131 87 -96 -92 204 8 358 4 -586 -28 -97 61 -357 -145 761 -411 -149 619 238 248 -34 44 -75 -82 170 -56 -790 -124 440 295 -893 37 819 1037 127 -184 631 297 -242 -239 47 287 -294 282 343 -228 185 -428 967 -104 -63 -50 294 503 -174 -177 -68 100 406 99 -75 218 -624 -612 -382 677 602 -66 369 634 54 483 282 161 592 -720]
[357 93 -372 307 245 550 320 267 -999 470 795 190 63 668 410 -885 56 120 -213 -357 -953 125 38 145 -215 7 498 136 151 -1074 269 -447 796 943 344 -1505 -591 -200 423 81 389 360 -73 -217 269 -357 -562 -93 -121 231 139 -559 -48 -520 -942 405 443 -111 373 2 392 195 -202 498 -69 -813 217 207 39 112 -93 -895 319 -579 -331 11 12 -246 -222 560 518 -149 -21 267 -225 581 -196 18 587 -19 114 -217 -1060 -55 467 674 -1134 -273 -162 -396]
[-408 -199 -378 764 396 10 171 16 830 118 -624 422 -187 270 832 567 128 -998 992 229 877 -377 265 -691 -486 -329 368 -119 -286 111 -100 767 509 -570 -117 -248 169 -301 414 -501 707 -63 310 -496 454 357 1146 -357 -1168 213 -409 -9 545 46 375 513 418 366 -106 1001 -224 275 487 -520 -107 -49 216 334 171 -308 -392 -489 -757 -222 -47 -228 -475 -438 -23 -360 -450 273 -136 -485 -490 -466 51 -371 -1199 372 97 -551 -515 12 214 344 -448 418 776 -712]
[-574 -608 230 535 -562 -53 -182 326 -96 -595 -985 21 -18 87 -190 565 511 -204 -302 -327 253 -128 80 -284 251 423 -400 -61 -249 -175 220 968 105 121 -372 -123 -118 146 320 461 11 -105 764 -513 323 -354 -233 -85 435 182 -793 438 263 -328 -141 -360 -347 -595 765 -49 -189 129 84 551 -460 157 -493 -29 -415 -636 -485 239 -211 572 800 545 -58 191 481 -120 -50 361 326 -322 465 221 -427 106 631 -70 174 370 -175 332 -16 -279 118 26 -110 642]
[-337 -953 831 12 472 -509 339 460 566 -93 251 -987 -302 620 206 340 -761 -818 -201 -61 241 38 -384 707 -451 -17 -172 118 -295 452 -431 525 -409 -218 -230 -63 79 -517 30 -101 -194 159 899 -394 26 -83 -315 371 357 492 198 799 -121 -9 308 251 343 -325 399 1226 602 -332 238 59 139 -81 5 289 -688 534 -180 -358 -155 315 -214 -285 183 446 -713 -415 -1120 262 -78 -401 621 85 -564 -584 -769 -99 -752 -115 222 -500 -75 434 -234 343 -476 -570]
[-121 353 -441 -182 -283 95 -442 -738 -57 -776 72 -151 42 -248 -312 -436 -167 254 189 304 -350 167 134 49 -400 -352 184 477 189 -191 -684 -96 -1050 -124 -354 415 268 52 -426 297 399 -349 295 9 -155 -78 -552 -88 181 -385 260 -201 510 68 163 -40 -392 -588 -51 -359 296 86 -648 -442 -173 255 -224 -922 158 270 -237 -13 -629 -252 6 383 -178 151 8 137 -503 -238 90 43 -1389 -378 111 336 -446 71 -22 507 589 -160 30 62 620 352 -432 -19]
[270 -1208 40 590 -112 164 524 254 429 490 -472 713 731 551 -974 254 -174 12 0 -196 212 71 -464 -607 711 -340 -391 -488 -234 -222 71 380 140 575 -457 353 52 205 647 -384 -151 -414 -125 1158 1032 586 164 -170 -842 -224 -427 -167 -161 75 -310 -661 -434 502 -123 -386 323 -369 -431 -203 -275 614 582 653 300 -2 547 1065 -358 -609 266 61 -279 -270 -186 731 90 191 189 329 -277 -364 -68 -226 -343 -445 240 61 101 -429 -268 40 -52 -356 587 -26]
[-176 -838 100 295 283 -175 643 459 -323 961 -195 -336 -357 -293 244 -35 363 261 -37 -360 141 203 -718 390 482 444 -492 -216 387 67 -3 345 -492 837 -132 -25 82 -223 -463 -182 -473 519 -152 99 478 397 -77 658 923 -339 -1091 102 224 -454 -77 -883 -360 258 550 -33 431 -127 -492 357 73 248 1291 -194 -313 -661 415 -393 -439 222 -285 86 -295 53 -113 -487 -128 48 159 659 585 265 -306 -749 355 212 374 -644 -508 245 -735 275 192 142 327 -250]
[-342 -247 -68 587 123 -119 -327 94 -314 219 -360 98 -827 -192 -171 -113 7 -326 603 -217 -457 391 -146 268 168 357 -89 122 554 -311 173 -25 955 -170 -493 -614 -460 -228 -456 -189 740 -438 357 589 -59 -142 563 137 309 314 -846 154 494 -27 1013 24 -665 287 -245 -61 336 -457 -194 -97 90 326 624 177 -50 -575 123 -233 21 -204 -76 73 -195 16 66 -334 337 208 -462 852 521 -302 369 811 241 304 959 56 20 20 264 -468 59 -529 136 235]
[-525 224 590 -439 -76 -517 227 -193 771 -25 -333 -634 450 -177 -80 -157 -148 -366 -279 309 544 454 -460 682 -208 213 215 212 -200 -816 719 -404 -136 -71 -263 78 39 154 -191 -703 843 -350 -264 359 -738 -534 32 55 246 -40 -541 -210 837 305 279 -39 333 464 556 365 199 -278 9 302 -381 -77 404 272 -181 492 47 -292 100 305 353 733 655 285 -92 -222 386 353 226 -279 613 211 -442 -461 -406 107 -663 556 230 -110 -380 -621 328 -567 -586 -51]
[-734 -1292 188 358 -370 -718 669 -301 891 -593 -346 160 374 98 -538 194 875 -671 285 -419 -258 -539 190 -621 -186 3 702 -156 104 229 -428 64 -495 69 276 -528 -273 97 1041 -414 -18 -76 225 130 -6 341 -118 828 605 1 -351 162 -984 -622 -208 338 -103 298 695 557 351 677 -231 -364 -339 123 -830 -518 272 548 -70 -79 -53 -288 429 -362 53 1202 -48 -381 -58 -40 451 -9 62 534 -521 676 -165 237 -483 -526 184 -384 -346 -513 -49 -513 -236 -558]
[-212 1170 -609 -202 232 11 169 -199 -128 -152 -575 315 313 329 349 99 984 411 520 -645 913 91 -122 -834 -254 447 8 -183 116 -475 -53 173 -368 -518 -234 -220 -681 391 41 398 93 -406 -292 111 -695 20 599 -317 -1250 126 -148 180 -952 628 -29 324 338 -393 -424 -143 160 -357 259 -96 -417 -722 -171 -299 116 329 946 -471 299 -498 -121 -326 -14 220 669 -603 -6 155 322 -232 -30 211 -153 63 -461 313 543 -212 -792 457 615 199 114 -780 -36 -158]
[-6 -440 -216 788 173 461 -67 -844 655 1126 634 1200 97 -35 -509 423 271 109 -216 83 -80 287 -541 51 -343 -230 -48 -287 853 -271 395 -189 1168 -413 266 -221 -117 -37 810 108 583 82 -561 221 132 546 -16 3 -575 -295 29 -449 133 -26 166 655 334 552 651 7 -485 -602 423 264 130 552 -107 81 -93 -480 253 687 223 6 -186 -884 -68 817 598 65 238 227 402 -354 921 431 -123 -266 254 732 784 -400 84 -255 -20 -1008 79 -14 -92 -544]
[526 114 479 -641 -137 -12 68 -117 -645 -270 -92 215 170 -142 127 -452 -621 -333 -335 598 -1184 651 -275 102 473 -197 -530 178 -95 212 -378 -81 91 778 230 -919 357 -203 543 40 -358 240 -1154 -598 658 584 -670 322 739 -128 39 -74 -879 -104 -466 -96 -818 -446 503 8 235 7 -253 334 -62 -349 -121 122 -333 -513 -664 -380 206 -321 -218 39 -159 202 -288 941 315 -668 -16 594 735 429 283 436 455 -930 489 251 -1126 -319 -243 646 -57 649 -723 -108]
[518 -145 626 104 497 209 109 360 221 553 589 -155 -86 -113 232 478 -994 98 -117 -200 -361 -135 552 118 -684 179 280 -840 -174 -55 -213 -833 450 -262 446 -188 86 337 -338 -189 59 471 76 324 -772 -523 543 34 396 -180 320 -298 -135 39 454 542 -179 274 141 -37 7 285 107 792 105 -169 966 657 -230 29 466 -353 -388 -395 -220 -95 233 278 438 -948 -334 -326 423 -668 525 -304 138 -194 -29 -714 -84 -16 -727 200 -297 -345 632 -32 77 345]
[-148 -365 90 -392 -684 -44 -581 586 405 -474 -44 634 -147 -100 -626 255 156 -107 212 -442 -542 60 -378 -468 230 -226 -120 -577 923 29 -239 -175 250 -58 310 298 647 -602 -253 212 259 -418 -613 719 -334 -150 76 352 -678 -42 176 103 83 -626 398 -836 319 139 -382 42 285 232 -716 -313 -216 -378 111 -278 -809 -181 -497 524 -147 -250 -804 140 -261 87 -246 542 219 -331 60 938 -447 -184 -387 -507 265 -339 37 -227 245 -198 -619 117 -392 -220 -393 761]
[62 -45 157 267 69 982 -536 -131 -289 805 471 -145 -585 659 128 57 -815 359 -216 -329 -68 150 231 -321 771 251 -458 213 718 188 -484 -877 -142 -405 48 105 -188 -54 -175 42 -53 -430 362 -369 -137 -66 -743 -373 -422 670 7 -1099 507 -294 433 390 19 -63 -903 588 -647 -382 79 -674 -3 1306 -631 -60 110 -1266 -142 458 -360 68 -203 -875 235 89 -126 -54 172 -299 -382 73 -956 692 295 -149 605 619 223 1079 538 -490 54 -42 -406 253 356 -568]
[137 275 206 145 398 482 10 2 741 -304 592 -411 23 956 -513 421 750 -289 -596 -355 184 -38 148 289 155 582 -344 19 80 -122 -843 530 -720 -457 -485 963 -204 -3 75 -283 -335 474 383 195 658 -252 347 474 -641 394 -595 -28 38 34 -185 -1143 403 -49 195 131 334 -284 -714 -1033 -54 42 -91 -481 77 -66 501 750 244 -198 278 -33 420 340 365 217 -106 481 33 -345 -385 42 -363 -176 -516 468 190 74 117 378 211 132 395 200 68 -135]
[-453 -105 29 -116 187 -10 -432 374 530 156 -237 -594 154 -351 374 -417 -707 479 -132 -182 -132 264 -118 582 -307 -212 365 650 -384 784 -381 285 341 64 164 27 28 597 -454 240 -130 -230 1124 631 -323 -471 313 -66 -136 695 576 87 228 1011 741 -174 640 -539 -753 344 -214 293 -440 252 -296 -795 -85 203 -311 -305 423 170 -52 30 -198 -95 669 26 -89 -116 -481 600 153 -1020 351 -55 612 -243 -37 463 -936 -597 8 632 -107 -310 208 166 -218 -102]
[-327 284 -63 -353 508 251 339 -286 -388 -262 635 -66 -205 -112 -308 -241 -260 193 815 299 -289 -539 1159 414 -359 1289 297 144 -76 -145 -204 207 -79 -588 -996 -277 8 -857 -57 -97 264 575 -872 -952 -13 286 -454 853 353 902 291 -136 10 -613 213 -637 57 -662 572 255 -224 -367 149 509 -143 121 91 143 8 302 507 -71 370 -81 -571 475 432 619 -222 76 19 606 -426 435 683 120 -254 509 -981 304 -418 -359 110 -57 240 205 -203 -319 -530 409]
[403 721 -187 -180 239 -852 74 602 -871 -452 342 -518 -159 -46 551 244 279 150 -353 394 155 605 61 -131 600 289 252 385 -446 222 -169 -144 401 223 -260 90 170 451 -248 -132 -297 477 25 698 -758 -353 123 131 -496 206 690 98 -494 96 -881 -375 51 -516 -239 -617 406 290 633 -362 833 -3 -255 3 537 148 -277 224 575 -277 184 -295 22 -217 -408 895 -134 665 -201 -874 -181 -105 -384 -137 -229 -156 -417 -311 549 67 -304 -768 -461 565 316 308]
[1 576 204 354 -232 97 89 833 -1198 -323 -4 -285 -522 295 -298 -744 -29 -13 -104 -319 -83 9 -602 -70 -36 532 -781 -67 304 -565 -142 -232 264 -261 -83 382 -40 472 -310 234 -678 228 -132 1216 -574 -71 -223 -184 -111 105 331 652 -74 435 -989 215 -432 -113 -16 -417 694 83 -227 -81 -152 116 470 -189 -60 1036 275 248 21 -53 351 268 308 -160 602 453 -300 820 -152 293 -28 -274 90 66 54 321 -232 413 608 434 273 49 81 236 -341 143]
[-278 77 -477 51 -168 435 -350 713 -874 2212 505 311 744 570 86 276 577 270 476 -76 998 35 79 -406 -571 366 -540 90 -128 150 -221 313 -486 833 -105 -29 -499 -157 -135 875 -704 290 264 -92 265 442 -26 -594 -38 17 48 139 1154 -336 432 110 176 -338 -75 187 269 -403 630 -126 756 352 631 848 -288 -354 552 -59 -348 501 313 -58 -410 35 86 -633 -197 348 -404 198 -114 -553 572 -204 -646 -7 576 317 -650 85 164 -200 399 -178 397 383]
[-45 53 -206 -67 598 431 -62 -532 117 -770 605 578 161 -273 -144 281 207 651 -241 24 156 -297 134 645 -787 8 183 -365 -97 -294 209 -334 277 -37 -452 236 63 141 455 477 -265 0 -267 -204 -362 349 -488 36 -412 452 -23 -52 129 -31 -56 -136 -21 -100 144 -233 -490 -346 855 -55 -931 -484 48 10 -262 126 187 -152 595 -105 -289 101 -66 524 183 468 -620 -288 151 283 230 221 -501 -152 -790 -391 165 -310 -383 144 -159 -286 -408 114 397 -271]
[-342 -904 473 496 366 77 272 624 -935 274 49 275 -481 -90 75 538 161 -559 -30 374 1056 144 150 -432 -393 -35 345 200 -666 697 -374 158 138 559 -24 -584 -808 -211 -481 -72 -226 -844 6 -606 349 55 268 172 637 81 115 -316 -455 -238 -135 282 -77 514 -419 285 -681 -395 -95 218 209 -169 92 394 330 -571 -321 479 616 -329 563 -333 -407 404 152 -106 17 -160 124 564 93 634 -31 196 26 717 355 329 -184 -294 251 -600 -137 59 234 -281]
[-153 -18 -242 113 137 443 -491 -1074 -178 321 88 -236 149 582 319 393 565 796 44 -453 304 418 120 475 191 73 239 -291 -527 -167 39 70 5 265 208 316 -27 575 -15 691 -391 -275 -172 -122 82 -57 122 134 276 -205 -429 -454 -2 -82 -107 -86 292 -93 -36 -656 -226 43 -358 9 597 -32 -968 110 -139 -46 -72 518 -129 -528 301 100 551 -653 319 432 77 -446 408 -104 -279 308 -442 158 844 -281 383 18 231 -94 329 -219 -504 -397 -3 -890]
[507 271 -495 -53 274 743 -353 534 -333 1048 107 175 265 295 487 567 695 229 -325 -113 1052 -205 -231 111 65 -359 268 53 -391 -780 138 106 369 229 -174 176 -163 369 -349 -602 -386 -466 433 -203 -244 -268 199 13 -61 78 -681 -1088 -286 -427 -559 49 463 281 356 -604 -73 -127 258 352 270 -387 -562 595 245 -420 -209 920 -15 220 207 -375 67 25 54 402 58 483 208 -159 249 1046 -327 -215 510 135 -247 188 84 -38 222 -120 -519 -187 465 -58]
[474 91 124 -440 -302 -162 8 201 543 490 -806 -513 -409 46 69 -1126 129 22 -405 -306 767 -134 -8 -1035 846 105 -860 -410 807 35 559 -882 67 -504 1107 5 217 387 -145 484 640 -144 -432 -171 -557 513 149 -613 -66 -178 -227 660 -601 1065 -432 700 228 47 166 -471 886 -64 -388 -371 107 256 234 -519 500 -436 1214 -354 13 523 340 -242 364 -36 385 -114 -262 -194 -40 -123 140 -48 -251 -99 91 99 42 220 -46 80 69 264 146 -1199 -300 -462]
[386 -51 267 105 517 28 -196 -1028 314 -166 1090 -572 -352 -150 -103 250 192 345 49 -159 -51 622 -750 1250 -997 440 739 -6 196 -62 -148 -107 -355 226 -121 705 400 -593 -232 247 443 693 -4 90 -233 269 -85 -305 191 -280 158 344 235 -564 403 -234 144 404 165 72 457 -379 201 22 764 579 927 -68 343 688 264 -4 609 191 -689 -119 89 -604 835 -367 -365 113 339 27 -126 253 362 -219 -144 -211 63 -423 518 -266 611 -299 443 151 134 -784]
[571 -462 564 -390 -297 312 600 -673 472 -1236 -74 144 157 -155 -582 -1344 380 -639 -662 -344 -253 290 182 -418 -221 873 86 -370 71 -614 -17 -406 298 140 239 -337 401 -405 287 -381 738 223 -1096 -34 -255 728 620 400 630 650 303 -444 -624 -717 431 -356 -200 -507 379 67 -1146 210 -89 -71 237 460 688 21 -96 -21 -141 -418 96 -671 -345 277 763 489 456 84 -621 -177 84 150 47 -141 74 37 -314 122 -246 -402 -813 145 285 -330 -344 49 -452 271]
[-706 594 -10 -1 57 67 -59 -281 468 147 174 247 -123 -245 884 -139 -306 852 309 -65 854 -514 -151 -421 -331 745 -195 102 -583 23 84 -50 188 -135 -253 -356 294 -1 41 13 949 -151 -6 -1183 -168 -695 -119 -406 -15 -39 51 -292 183 420 608 406 70 -463 10 515 -953 -528 464 547 -263 145 -325 -660 -216 -767 411 -412 -365 523 -173 -275 179 873 -691 -809 -325 323 124 -9 1101 657 167 887 -957 35 -538 47 -170 418 130 -112 -930 -209 -275 -262]
[563 495 -138 157 518 -185 -110 -679 361 -272 14 -105 348 -433 -690 -15 -284 594 -646 -626 -668 241 204 -558 4 106 36 -628 -525 -279 197 -945 -197 504 310 379 -388 224 195 415 145 -565 586 101 -438 165 -678 -894 -25 -480 -84 -359 331 -337 -413 -356 158 -465 212 -766 -579 -272 434 -762 572 288 -148 545 124 257 403 7 632 -921 133 468 258 -252 -268 711 -27 -260 601 -93 -874 -894 -693 376 -31 161 537 695 -281 -198 411 -758 235 848 121 306]
[325 737 162 11 264 104 -107 -404 493 692 521 168 -16 294 -402 -516 -210 157 -752 -314 -863 -84 281 378 305 862 293 408 -39 2 1536 -131 431 -323 388 -307 -115 -246 632 124 412 70 -672 -198 -402 277 218 352 -72 217 694 -248 211 -30 11 -599 -540 118 212 152 -1021 674 144 376 -195 -442 -654 -69 -134 158 205 -131 306 -266 -76 806 147 318 80 22 892 964 191 -36 492 -293 -198 528 516 28 -902 -208 -32 342 546 -410 346 -61 -263 52]
[-283 31 -4 -732 -608 144 -248 10 640 462 446 138 301 -110 -256 -1061 -46 -70 209 -97 -278 -676 -339 553 420 -237 -83 -169 -244 370 -909 -515 -110 -121 -764 31 59 -367 -228 -420 -382 155 366 725 451 278 -572 42 273 309 -333 319 -558 -8 -134 762 470 36 213 -567 498 -637 240 348 -318 302 -170 -559 -401 84 -70 626 -266 -269 613 -564 -238 370 -365 711 -359 -76 109 713 -456 -214 1086 142 207 -230 -392 321 -196 -152 -664 982 148 -225 -438 652]
[298 198 -435 -158 -560 -96 -54 -658 -30 582 -254 410 -107 -808 -125 77 223 -576 261 -192 303 7 337 703 53 453 146 150 48 914 -56 -120 -543 252 858 -713 87 -76 -773 -11 -392 128 -393 154 45 955 594 -35 -381 27 160 -577 -97 171 -517 -86 319 282 -511 -74 -426 74 -170 -217 229 149 100 314 344 -341 -503 242 -386 -167 85 -413 -481 -94 623 285 198 -53 -131 358 -1096 -453 867 -101 182 1005 -2 -592 173 181 -263 49 589 567 -5 -128]
[-30 -314 -259 380 258 -303 444 -488 -334 228 -136 -309 107 482 -170 209 156 -471 445 -213 122 99 213 -2 576 189 28 371 -319 -482 338 -16 459 463 513 -455 -233 -319 40 103 263 -135 -1066 -650 -99 593 256 -103 137 -729 -835 345 267 156 -492 -119 20 645 -806 361 1039 574 -631 -605 -288 209 -251 413 147 -243 -818 -828 -132 96 333 638 220 -226 -402 -123 646 -72 -513 335 -648 563 332 -28 68 297 851 -322 76 362 443 330 -815 332 -321 -803]
[604 -337 553 85 562 73 165 58 -20 -532 -485 -286 -984 -198 500 -386 -651 -120 -163 -777 -1025 -245 -45 487 260 -169 352 115 -1052 -105 454 78 77 41 800 -631 -136 -59 384 -674 356 137 334 -833 316 103 -45 396 1285 -86 -550 -25 107 -104 -163 357 -535 -191 56 385 -986 372 371 -579 450 -69 693 -41 80 -347 -731 -444 -271 -639 73 162 -189 -456 -1120 -567 -395 -110 -321 973 -246 -750 -367 -241 567 -237 -21 -161 -789 83 435 -186 -685 493 38 275]
[484 33 -254 -25 390 372 -70 468 -452 408 -880 -187 119 182 -36 -386 -479 131 -33 368 -375 -617 -85 -119 1216 -179 -426 -574 -594 -738 108 445 -175 -20 156 -737 261 286 265 -75 -289 833 202 -353 144 -445 -568 690 -407 -174 -433 -434 -351 255 -1122 -207 200 -219 172 -180 -88 205 -197 -187 -242 -266 -107 773 -316 -1004 -397 -494 227 -473 -191 85 2 54 -953 645 231 -162 -727 210 189 -720 -709 118 246 -356 618 -215 -538 184 -171 559 42 874 -194 397]
[60 -114 -130 811 751 446 409 282 -950 227 8 343 -398 297 308 -278 246 -471 -223 -231 -418 766 102 -638 471 302 832 410 -68 -564 -226 -228 1466 8 159 123 -63 826 -431 -681 506 7 -677 10 -29 254 1223 460 -104 698 -101 -293 -370 -155 -272 -365 -335 -157 202 -221 130 222 -68 30 0 -695 57 -226 435 -323 231 -501 -461 -445 356 102 291 -400 -24 -846 222 138 367 -489 576 1091 51 -83 83 -481 138 -487 -609 231 154 -1109 -933 -219 -31 -391]
[211 469 316 -661 233 -257 404 142 -639 -882 158 275 429 -646 203 -93 478 -87 583 -127 338 -441 409 538 -633 296 -505 -244 -61 225 485 -118 146 373 98 -248 -704 353 410 -316 -648 -90 -614 400 -143 275 -208 333 72 -376 647 867 452 485 -1134 207 764 552 13 -232 462 -118 114 266 440 -1110 200 264 -50 881 295 -106 627 231 -38 139 93 -163 626 -442 102 17 -65 -320 448 -305 545 287 -34 39 -18 33 -218 545 560 -78 -150 -163 389 -177]
[-101 172 -44 380 232 -377 14 -491 429 309 -458 527 327 -696 846 619 -644 -652 -125 793 1031 -709 581 -492 -402 -114 -199 -451 67 1147 -459 -768 808 -407 316 668 -256 327 -51 -396 -216 -179 207 -767 -605 667 -507 -99 164 344 -193 161 476 -233 -302 480 -46 -383 331 558 232 396 275 -412 -251 -370 -534 -342 654 36 587 -204 -251 62 538 -305 -216 319 351 -574 46 -464 209 499 -351 -82 474 498 -405 -566 -487 97 -224 -528 14 -839 -298 430 184 -977]
[-432 -399 94 -379 -209 -289 516 -146 -59 -184 307 -622 75 -66 -103 295 -209 1042 -233 -262 -744 321 227 -500 1199 393 -107 113 210 -260 -346 353 -689 816 -64 -298 -8 284 -369 590 61 530 318 133 -396 -293 -907 -372 327 -809 233 -228 -147 49 92 -440 -106 -796 53 41 207 20 -707 321 14 450 -211 23 -71 689 145 62 -8 195 -678 374 199 -652 -295 713 490 795 -298 -275 -966 258 112 199 1066 -64 128 -204 198 296 61 -477 -114 147 -29 802]
[182 458 -90 -549 755 -5 -648 -231 128 -554 300 -909 -286 261 414 621 -370 308 206 458 144 -102 92 350 230 -360 390 -364 21 1384 -638 -306 -475 -240 -298 981 -115 -356 -422 760 -461 578 -250 19 -264 -238 271 36 30 -240 214 231 -67 104 194 -232 -208 -191 -934 -538 816 68 -15 -633 -524 -390 71 -421 162 100 -206 -583 148 -298 -367 -178 -243 -286 564 -305 -168 -576 175 24 -577 -296 -209 -523 -211 -772 253 -115 -522 -235 203 450 272 315 209 -431]
[304 778 64 -873 185 246 -21 502 -256 -208 1176 -201 139 466 32 -81 -574 -246 334 504 -855 508 -617 -11 110 864 -265 -400 220 -100 -117 -386 202 -707 420 -835 436 -126 -109 15 677 1143 -391 -179 -307 -746 354 -21 -20 243 261 -2 -323 268 -60 400 596 391 -382 374 249 156 -16 350 48 223 346 483 -157 -307 -544 -624 322 400 -1119 -347 663 -517 205 244 1034 -513 -897 -69 647 330 -58 69 548 50 509 97 829 441 -2 817 4 445 -764 521]
[-48 597 24 -65 324 89 -305 380 565 47 -86 152 -974 -142 815 -402 87 -195 84 289 -462 148 205 301 -296 -293 -31 236 112 78 121 -273 764 -204 583 -402 241 317 -74 -384 507 -574 -202 897 336 -443 98 510 454 176 -23 -23 688 -102 327 -538 -428 -312 -95 -342 74 33 -35 173 959 -962 -182 -107 -435 -195 286 -322 -480 372 162 -315 116 94 -161 -137 400 -888 87 -2 971 472 791 -420 329 -459 -312 271 113 -806 380 -581 -439 -713 153 117]
[-428 364 -729 760 564 257 -128 -184 320 -138 -467 68 316 532 -568 712 166 92 -189 -784 715 -375 299 244 -1206 288 542 328 39 504 -266 505 239 480 -131 847 -831 -750 -644 306 -618 131 1340 287 779 450 -378 271 -1085 519 15 906 187 -250 411 -607 12 -527 -299 207 -567 300 890 67 -203 -414 -167 -310 -390 656 378 153 -7 157 412 260 -832 401 172 -60 -322 113 928 -286 -525 -393 -492 55 586 914 -789 -693 -177 -102 -24 -42 444 405 -306 296]
[-190 704 -1094 -81 248 366 -317 -430 -95 194 710 189 -443 -9 -573 -21 362 960 1137 -225 306 100 -104 -773 -28 -88 436 431 -126 -664 680 65 -1158 -356 716 794 -393 -20 -517 713 644 -491 263 451 -98 14 76 179 -632 -448 843 -371 185 419 -137 369 15 221 -615 -885 -799 -136 -573 -69 -488 2 -601 -573 613 5 17 315 623 -506 -383 -302 413 376 -789 95 133 -195 -363 -497 -341 -290 61 -168 57 858 472 557 665 -693 468 -351 -618 -233 -164 26]
[15 -107 629 102 44 306 -19 -702 436 -534 107 -387 524 379 -312 -333 309 302 81 13 419 -146 -896 98 -345 -776 148 372 -282 -424 101 145 -681 31 224 557 417 -383 595 300 -527 70 -200 477 417 90 -76 213 -507 -512 197 366 -767 354 694 1005 496 -145 -785 96 -415 220 -39 -804 77 880 292 -166 -93 422 -167 527 -172 -349 140 158 418 -225 -361 239 -410 -121 425 -779 -469 84 54 264 64 -28 -904 -684 -150 34 -79 234 -618 -13 -671 -792]
[39 458 429 -598 676 272 32 -619 -44 -467 -38 -211 183 -136 704 -453 -551 -129 -287 872 244 -843 422 600 604 -444 244 -121 -205 -336 73 -786 -9 -348 -128 469 -128 859 700 -751 -419 -232 5 -302 -569 216 -175 76 871 -4 -347 -566 118 662 -153 437 78 -306 -90 82 155 802 -54 -200 -812 -495 -606 -151 -105 -234 150 -291 -346 237 557 -616 249 -16 3 8 222 -484 -330 494 -238 -161 534 605 -202 -172 432 700 492 441 -26 -409 -852 545 -714 -338]
]
